best result F1:
Precision: 0.859169065952301
F1-score: 0.9195332738732778
Accuracy: 0.9635195136070251
AUC_ROC: 0.9606983375624175
Sensitivity: 0.6978380084037781
Specificity: 0.9890207052230835


best result Accuracy:
Precision: 0.850399374961853
F1-score: 0.9135545065637527
Accuracy: 0.9686594009399414
AUC_ROC: 0.9847745238740079
Sensitivity: 0.7792194485664368
Specificity: 0.9868426322937012


best result AUC_ROC:
Precision: 0.8189917206764221
F1-score: 0.8933985361300073
Accuracy: 0.9681335687637329
AUC_ROC: 0.9851928102095651
Sensitivity: 0.816620945930481
Specificity: 0.9826763868331909


