best result F1:
Precision: 0.9184017181396484
F1-score: 0.9548378771425818
Accuracy: 0.9659013152122498
AUC_ROC: 0.9839161111128588
Sensitivity: 0.6701935529708862
Specificity: 0.9942845702171326


best result Accuracy:
Precision: 0.8490530252456665
F1-score: 0.9126674876456442
Accuracy: 0.9690243005752563
AUC_ROC: 0.9853788887591327
Sensitivity: 0.7860540151596069
Specificity: 0.9865865111351013


best result AUC_ROC:
Precision: 0.8318807482719421
F1-score: 0.9017158774815203
Accuracy: 0.9687971472740173
AUC_ROC: 0.9854272271011969
Sensitivity: 0.8067549467086792
Specificity: 0.9843506217002869


