best result F1:
Precision: 0.8622742295265198
F1-score: 0.921154125264328
Accuracy: 0.966833233833313
AUC_ROC: 0.982430046015413
Sensitivity: 0.7393869757652283
Specificity: 0.9886645078659058


best result Accuracy:
Precision: 0.8448959589004517
F1-score: 0.9100740640295
Accuracy: 0.9686269760131836
AUC_ROC: 0.984832137019403
Sensitivity: 0.786076545715332
Specificity: 0.9861488938331604


best result AUC_ROC:
Precision: 0.8176297545433044
F1-score: 0.8924937654856153
Accuracy: 0.9682040214538574
AUC_ROC: 0.985240216253446
Sensitivity: 0.8197942972183228
Specificity: 0.9824489951133728


