best result F1:
Precision: 0.9269357919692993
F1-score: 0.9597958340266751
Accuracy: 0.9649772644042969
AUC_ROC: 0.9820646260899626
Sensitivity: 0.6514460444450378
Specificity: 0.995071291923523


best result Accuracy:
Precision: 0.8551263809204102
F1-score: 0.9165050301094164
Accuracy: 0.9688907861709595
AUC_ROC: 0.985131632976481
Sensitivity: 0.7763022184371948
Specificity: 0.9873762130737305


best result AUC_ROC:
Precision: 0.8176297545433044
F1-score: 0.8924937654856153
Accuracy: 0.9682040214538574
AUC_ROC: 0.985240216253446
Sensitivity: 0.8197942972183228
Specificity: 0.9824489951133728


