best result F1:
Precision: 0.94794762134552
F1-score: 0.9718332081770221
Accuracy: 0.9602624773979187
AUC_ROC: 0.9585880428800229
Sensitivity: 0.5779996514320374
Specificity: 0.9969536066055298


best result Accuracy:
Precision: 0.9123069643974304
F1-score: 0.9513101017874196
Accuracy: 0.9656417369842529
AUC_ROC: 0.9691387483545949
Sensitivity: 0.6723079085350037
Specificity: 0.9937971234321594


best result AUC_ROC:
Precision: 0.9247472882270813
F1-score: 0.9585901416548025
Accuracy: 0.963878333568573
AUC_ROC: 0.9798271713090719
Sensitivity: 0.6395971775054932
Specificity: 0.9950041770935059


