best result F1:
Precision: 0.94794762134552
F1-score: 0.9718332081770221
Accuracy: 0.9602624773979187
AUC_ROC: 0.9585880428800229
Sensitivity: 0.5779996514320374
Specificity: 0.9969536066055298


best result Accuracy:
Precision: 0.8324213624000549
F1-score: 0.9021011437745051
Accuracy: 0.9684867858886719
AUC_ROC: 0.9839839432586319
Sensitivity: 0.801529586315155
Specificity: 0.9845120310783386


best result AUC_ROC:
Precision: 0.8290852904319763
F1-score: 0.8999505970917193
Accuracy: 0.9684203863143921
AUC_ROC: 0.9841305456603031
Sensitivity: 0.8054555654525757
Specificity: 0.9840624332427979


