best result F1:
Precision: 0.9368017911911011
F1-score: 0.9650881312570132
Accuracy: 0.9703351855278015
AUC_ROC: 0.9869063371087561
Sensitivity: 0.7219953536987305
Specificity: 0.9951358437538147


best result Accuracy:
Precision: 0.8867241144180298
F1-score: 0.9354021759604441
Accuracy: 0.9729262590408325
AUC_ROC: 0.9883874608367272
Sensitivity: 0.8046112060546875
Specificity: 0.9897351861000061


best result AUC_ROC:
Precision: 0.8257583379745483
F1-score: 0.8970798711432277
Accuracy: 0.9707819223403931
AUC_ROC: 0.9885538798168906
Sensitivity: 0.8595882654190063
Specificity: 0.9818863272666931


