best result F1:
Precision: 0.9689971208572388
F1-score: 0.9835038179658473
Accuracy: 0.9551692605018616
AUC_ROC: 0.9402900484145494
Sensitivity: 0.5042383074760437
Specificity: 0.9984514713287354


best result Accuracy:
Precision: 0.8891583681106567
F1-score: 0.9376360763834976
Accuracy: 0.9655691385269165
AUC_ROC: 0.9776125113552007
Sensitivity: 0.6932787895202637
Specificity: 0.9917047023773193


best result AUC_ROC:
Precision: 0.8891583681106567
F1-score: 0.9376360763834976
Accuracy: 0.9655691385269165
AUC_ROC: 0.9776125113552007
Sensitivity: 0.6932787895202637
Specificity: 0.9917047023773193


