best result F1:
Precision: 0.9510177969932556
F1-score: 0.9735861891903719
Accuracy: 0.9586004614830017
AUC_ROC: 0.978696761177729
Sensitivity: 0.5559162497520447
Specificity: 0.9972517490386963


best result Accuracy:
Precision: 0.9010997414588928
F1-score: 0.9447445168237997
Accuracy: 0.9654682278633118
AUC_ROC: 0.9824817864776626
Sensitivity: 0.6803779006004333
Specificity: 0.992832362651825


best result AUC_ROC:
Precision: 0.9010997414588928
F1-score: 0.9447445168237997
Accuracy: 0.9654682278633118
AUC_ROC: 0.9824817864776626
Sensitivity: 0.6803779006004333
Specificity: 0.992832362651825


