best result F1:
Precision: 0.9510177969932556
F1-score: 0.9735861891903719
Accuracy: 0.9586004614830017
AUC_ROC: 0.978696761177729
Sensitivity: 0.5559162497520447
Specificity: 0.9972517490386963


best result Accuracy:
Precision: 0.9281934499740601
F1-score: 0.9605567724998868
Accuracy: 0.9640185236930847
AUC_ROC: 0.9616212006053113
Sensitivity: 0.6385486721992493
Specificity: 0.9952584505081177


best result AUC_ROC:
Precision: 0.9413367509841919
F1-score: 0.9681213339178237
Accuracy: 0.9608181118965149
AUC_ROC: 0.9808823589484291
Sensitivity: 0.5893328785896301
Specificity: 0.9964748024940491


