best result F1:
Precision: 0.8613906502723694
F1-score: 0.920616774992552
Accuracy: 0.9667156338691711
AUC_ROC: 0.9820631646148456
Sensitivity: 0.7388350367546082
Specificity: 0.9885885715484619


best result Accuracy:
Precision: 0.8487594127655029
F1-score: 0.9125294432146326
Accuracy: 0.9685558676719666
AUC_ROC: 0.984742695381457
Sensitivity: 0.7799358367919922
Specificity: 0.9866604208946228


best result AUC_ROC:
Precision: 0.8241552114486694
F1-score: 0.8967428047029576
Accuracy: 0.9684261679649353
AUC_ROC: 0.9853734213252844
Sensitivity: 0.8129268288612366
Specificity: 0.9833516478538513


