best result F1:
Precision: 0.9303688406944275
F1-score: 0.9617818183926672
Accuracy: 0.9644153714179993
AUC_ROC: 0.9792137968216618
Sensitivity: 0.6417081356048584
Specificity: 0.9953901767730713


best result Accuracy:
Precision: 0.8634416460990906
F1-score: 0.9217028054574298
Accuracy: 0.9687827229499817
AUC_ROC: 0.9851955439366193
Sensitivity: 0.7644516229629517
Specificity: 0.9883952736854553


best result AUC_ROC:
Precision: 0.8241552114486694
F1-score: 0.8967428047029576
Accuracy: 0.9684261679649353
AUC_ROC: 0.9853734213252844
Sensitivity: 0.8129268288612366
Specificity: 0.9833516478538513


