best result F1:
Precision: 0.962615966796875
F1-score: 0.9800028101205289
Accuracy: 0.9569237232208252
AUC_ROC: 0.9665215484437156
Sensitivity: 0.5286696553230286
Specificity: 0.9980292916297913


best result Accuracy:
Precision: 0.9264910817146301
F1-score: 0.9596215302288379
Accuracy: 0.9631437063217163
AUC_ROC: 0.9730843751540051
Sensitivity: 0.6290719509124756
Specificity: 0.995209276676178


best result AUC_ROC:
Precision: 0.9417238831520081
F1-score: 0.9683237797980698
Accuracy: 0.9612489342689514
AUC_ROC: 0.9763227258705395
Sensitivity: 0.594302237033844
Specificity: 0.996470034122467


