best result F1:
Precision: 0.9274260401725769
F1-score: 0.9596934008334134
Accuracy: 0.9703853726387024
AUC_ROC: 0.9850843164974157
Sensitivity: 0.731047511100769
Specificity: 0.9942870140075684


best result Accuracy:
Precision: 0.8836509585380554
F1-score: 0.9335183240424426
Accuracy: 0.9730555415153503
AUC_ROC: 0.9885450368682931
Sensitivity: 0.8098849058151245
Specificity: 0.9893506765365601


best result AUC_ROC:
Precision: 0.8260962963104248
F1-score: 0.8972904128685565
Accuracy: 0.9708746671676636
AUC_ROC: 0.9886530213603987
Sensitivity: 0.8603426218032837
Specificity: 0.9819130301475525


