best result F1:
Precision: 0.9445062279701233
F1-score: 0.9698435769714508
Accuracy: 0.962444543838501
AUC_ROC: 0.934099289613285
Sensitivity: 0.6068310737609863
Specificity: 0.996577799320221


best result Accuracy:
Precision: 0.8478173017501831
F1-score: 0.9118785767483881
Accuracy: 0.9690932035446167
AUC_ROC: 0.9843502145610863
Sensitivity: 0.788658082485199
Specificity: 0.9864121079444885


best result AUC_ROC:
Precision: 0.7979657053947449
F1-score: 0.8795270973695755
Accuracy: 0.9671643376350403
AUC_ROC: 0.9853594157995209
Sensitivity: 0.836982786655426
Specificity: 0.9796597361564636


