best result F1:
Precision: 0.8558871746063232
F1-score: 0.9174993122349522
Accuracy: 0.9634802937507629
AUC_ROC: 0.9621354959038568
Sensitivity: 0.7010442018508911
Specificity: 0.9886699914932251


best result Accuracy:
Precision: 0.8474446535110474
F1-score: 0.9116793050503788
Accuracy: 0.9687354564666748
AUC_ROC: 0.9848332187431152
Sensitivity: 0.7841749787330627
Specificity: 0.9864503145217896


best result AUC_ROC:
Precision: 0.7979657053947449
F1-score: 0.8795270973695755
Accuracy: 0.9671643376350403
AUC_ROC: 0.9853594157995209
Sensitivity: 0.836982786655426
Specificity: 0.9796597361564636


