best result F1:
Precision: 0.8619958162307739
F1-score: 0.9212811952627666
Accuracy: 0.9635257124900818
AUC_ROC: 0.9611470745732633
Sensitivity: 0.6947512030601501
Specificity: 0.9893237948417664


best result Accuracy:
Precision: 0.8373996019363403
F1-score: 0.9052865593527774
Accuracy: 0.9686468243598938
AUC_ROC: 0.9847947215076652
Sensitivity: 0.7966934442520142
Specificity: 0.9851515889167786


best result AUC_ROC:
Precision: 0.8048274517059326
F1-score: 0.8840747814940929
Accuracy: 0.9676206111907959
AUC_ROC: 0.9852585001561811
Sensitivity: 0.8320549726486206
Specificity: 0.9806327819824219


