best result F1:
Precision: 0.950038731098175
F1-score: 0.9729592624029515
Accuracy: 0.9615201950073242
AUC_ROC: 0.9342879351232007
Sensitivity: 0.5917414426803589
Specificity: 0.9970130920410156


best result Accuracy:
Precision: 0.8542650938034058
F1-score: 0.9159608648553476
Accuracy: 0.9689285159111023
AUC_ROC: 0.9845765876766444
Sensitivity: 0.7779252529144287
Specificity: 0.9872617721557617


best result AUC_ROC:
Precision: 0.8048274517059326
F1-score: 0.8840747814940929
Accuracy: 0.9676206111907959
AUC_ROC: 0.9852585001561811
Sensitivity: 0.8320549726486206
Specificity: 0.9806327819824219


