best result F1:
Precision: 0.9579946398735046
F1-score: 0.9774413044176304
Accuracy: 0.9583070874214172
AUC_ROC: 0.9614087903117948
Sensitivity: 0.5479604601860046
Specificity: 0.9976938366889954


best result Accuracy:
Precision: 0.8875744938850403
F1-score: 0.9365832737628311
Accuracy: 0.9670237302780151
AUC_ROC: 0.9740094323448724
Sensitivity: 0.7138897180557251
Specificity: 0.9913205504417419


best result AUC_ROC:
Precision: 0.8875744938850403
F1-score: 0.9365832737628311
Accuracy: 0.9670237302780151
AUC_ROC: 0.9740094323448724
Sensitivity: 0.7138897180557251
Specificity: 0.9913205504417419


