best result F1:
Precision: 0.8584480285644531
F1-score: 0.9188065622332516
Accuracy: 0.9665117263793945
AUC_ROC: 0.980134107421353
Sensitivity: 0.7395669221878052
Specificity: 0.988294780254364


best result Accuracy:
Precision: 0.8481472134590149
F1-score: 0.9121263870165455
Accuracy: 0.9687122702598572
AUC_ROC: 0.9842375697874461
Sensitivity: 0.7829188108444214
Specificity: 0.9865455031394958


best result AUC_ROC:
Precision: 0.8154502511024475
F1-score: 0.891072040062172
Accuracy: 0.9680896401405334
AUC_ROC: 0.9851544243962707
Sensitivity: 0.8215695023536682
Specificity: 0.9821532368659973


