best result F1:
Precision: 0.9417984485626221
F1-score: 0.9683045956777101
Accuracy: 0.9630382657051086
AUC_ROC: 0.9573954721818261
Sensitivity: 0.6160257458686829
Specificity: 0.9963459372520447


best result Accuracy:
Precision: 0.8497617244720459
F1-score: 0.913127842588099
Accuracy: 0.9689001441001892
AUC_ROC: 0.9832421537858159
Sensitivity: 0.7833946347236633
Specificity: 0.9867057800292969


best result AUC_ROC:
Precision: 0.8154502511024475
F1-score: 0.891072040062172
Accuracy: 0.9680896401405334
AUC_ROC: 0.9851544243962707
Sensitivity: 0.8215695023536682
Specificity: 0.9821532368659973


