best result F1:
Precision: 0.9472563862800598
F1-score: 0.9714434219257913
Accuracy: 0.9604235291481018
AUC_ROC: 0.9588759646404473
Sensitivity: 0.5804185271263123
Specificity: 0.9968979954719543


best result Accuracy:
Precision: 0.9101089239120483
F1-score: 0.9500154293768516
Accuracy: 0.9658541679382324
AUC_ROC: 0.9693514704440228
Sensitivity: 0.6769744753837585
Specificity: 0.9935820698738098


best result AUC_ROC:
Precision: 0.9246696829795837
F1-score: 0.9585384327818446
Accuracy: 0.964038074016571
AUC_ROC: 0.9799429223806153
Sensitivity: 0.6416458487510681
Specificity: 0.9949826002120972


