best result F1:
Precision: 0.9472563862800598
F1-score: 0.9714434219257913
Accuracy: 0.9604235291481018
AUC_ROC: 0.9588759646404473
Sensitivity: 0.5804185271263123
Specificity: 0.9968979954719543


best result Accuracy:
Precision: 0.8882825970649719
F1-score: 0.9370206975979056
Accuracy: 0.9668550491333008
AUC_ROC: 0.9813004877816267
Sensitivity: 0.7109534740447998
Specificity: 0.9914175868034363


best result AUC_ROC:
Precision: 0.8882825970649719
F1-score: 0.9370206975979056
Accuracy: 0.9668550491333008
AUC_ROC: 0.9813004877816267
Sensitivity: 0.7109534740447998
Specificity: 0.9914175868034363


