best result F1:
Precision: 0.9520397186279297
F1-score: 0.974155615118622
Accuracy: 0.9584572315216064
AUC_ROC: 0.9786188783135332
Sensitivity: 0.5535336136817932
Specificity: 0.9973234534263611


best result Accuracy:
Precision: 0.840128481388092
F1-score: 0.9070193766800562
Accuracy: 0.9687807559967041
AUC_ROC: 0.9843502881468245
Sensitivity: 0.7947659492492676
Specificity: 0.9854834079742432


best result AUC_ROC:
Precision: 0.8385636210441589
F1-score: 0.9060229292575144
Accuracy: 0.9687352776527405
AUC_ROC: 0.9843848188841187
Sensitivity: 0.7963093519210815
Specificity: 0.9852854609489441


