best result F1:
Precision: 0.9520397186279297
F1-score: 0.974155615118622
Accuracy: 0.9584572315216064
AUC_ROC: 0.9786188783135332
Sensitivity: 0.5535336136817932
Specificity: 0.9973234534263611


best result Accuracy:
Precision: 0.9278302192687988
F1-score: 0.9603483323509961
Accuracy: 0.9640386700630188
AUC_ROC: 0.9616093755756162
Sensitivity: 0.6390902400016785
Specificity: 0.9952285885810852


best result AUC_ROC:
Precision: 0.9416431784629822
F1-score: 0.9682954369516275
Accuracy: 0.9607528448104858
AUC_ROC: 0.980669152504784
Sensitivity: 0.5883206725120544
Specificity: 0.9965003728866577


