best result F1:
Precision: 0.9347561001777649
F1-score: 0.9638951479246616
Accuracy: 0.9708855748176575
AUC_ROC: 0.9871726501195823
Sensitivity: 0.7303248643875122
Specificity: 0.9949093461036682


best result Accuracy:
Precision: 0.8941815495491028
F1-score: 0.9399181251062726
Accuracy: 0.9729715585708618
AUC_ROC: 0.9886078651791296
Sensitivity: 0.7965937852859497
Specificity: 0.9905856847763062


best result AUC_ROC:
Precision: 0.8230389356613159
F1-score: 0.8952725936612635
Accuracy: 0.9709266424179077
AUC_ROC: 0.9891471333045215
Sensitivity: 0.866000235080719
Specificity: 0.9814051985740662


