best result F1:
Precision: 0.9594622850418091
F1-score: 0.9782543814341923
Accuracy: 0.9579806923866272
AUC_ROC: 0.9633606288727913
Sensitivity: 0.5431554913520813
Specificity: 0.9977973103523254


best result Accuracy:
Precision: 0.8907830715179443
F1-score: 0.9384773529653704
Accuracy: 0.9674784541130066
AUC_ROC: 0.9801978912002202
Sensitivity: 0.7165058851242065
Specificity: 0.991567850112915


best result AUC_ROC:
Precision: 0.8915751576423645
F1-score: 0.9389542180923601
Accuracy: 0.9674425721168518
AUC_ROC: 0.9802107542815018
Sensitivity: 0.7152255177497864
Specificity: 0.9916514158248901


