best result F1:
Precision: 0.9594622850418091
F1-score: 0.9782543814341923
Accuracy: 0.9579806923866272
AUC_ROC: 0.9633606288727913
Sensitivity: 0.5431554913520813
Specificity: 0.9977973103523254


best result Accuracy:
Precision: 0.8912298083305359
F1-score: 0.9387879603808685
Accuracy: 0.9668488502502441
AUC_ROC: 0.9727006814148885
Sensitivity: 0.7078580260276794
Specificity: 0.9917078614234924


best result AUC_ROC:
Precision: 0.9199280738830566
F1-score: 0.9557706995244605
Accuracy: 0.9648705720901489
AUC_ROC: 0.9751257969888615
Sensitivity: 0.6559759378433228
Specificity: 0.9945195913314819


