best result F1:
Precision: 0.8970686197280884
F1-score: 0.9427000345216392
Accuracy: 0.9601323008537292
AUC_ROC: 0.8943886271233681
Sensitivity: 0.6153855323791504
Specificity: 0.9932225346565247


best result Accuracy:
Precision: 0.8355997800827026
F1-score: 0.9039608435485863
Accuracy: 0.970147430896759
AUC_ROC: 0.9865097791930586
Sensitivity: 0.8205763697624207
Specificity: 0.9845038652420044


best result AUC_ROC:
Precision: 0.7943311333656311
F1-score: 0.8769047454167413
Accuracy: 0.9682101011276245
AUC_ROC: 0.9867454729213146
Sensitivity: 0.8595713973045349
Specificity: 0.9786376953125


