best result F1:
Precision: 0.9073809385299683
F1-score: 0.948281869197166
Accuracy: 0.9682531356811523
AUC_ROC: 0.9860709034379426
Sensitivity: 0.7099706530570984
Specificity: 0.9930441379547119


best result Accuracy:
Precision: 0.8454186916351318
F1-score: 0.9102422591090236
Accuracy: 0.9701939821243286
AUC_ROC: 0.9873477374437519
Sensitivity: 0.8072688579559326
Specificity: 0.9858322143554688


best result AUC_ROC:
Precision: 0.8019737005233765
F1-score: 0.882005465189624
Accuracy: 0.9686852693557739
AUC_ROC: 0.987562474488997
Sensitivity: 0.8530828952789307
Specificity: 0.9797812700271606


