best result F1:
Precision: 0.9317877292633057
F1-score: 0.9625812758886636
Accuracy: 0.964637815952301
AUC_ROC: 0.9746669816842305
Sensitivity: 0.6433155536651611
Specificity: 0.9954797029495239


best result Accuracy:
Precision: 0.8433170318603516
F1-score: 0.9090427468376434
Accuracy: 0.9688836336135864
AUC_ROC: 0.9848991904014825
Sensitivity: 0.7918158173561096
Specificity: 0.9858793616294861


best result AUC_ROC:
Precision: 0.8194738030433655
F1-score: 0.8936893305705672
Accuracy: 0.9683350920677185
AUC_ROC: 0.9854261140306642
Sensitivity: 0.8188201189041138
Specificity: 0.9826861619949341


