best result F1:
Precision: 0.8718905448913574
F1-score: 0.927114576961499
Accuracy: 0.9664165377616882
AUC_ROC: 0.9803431326170331
Sensitivity: 0.7227227687835693
Specificity: 0.9898072481155396


best result Accuracy:
Precision: 0.8433170318603516
F1-score: 0.9090427468376434
Accuracy: 0.9688836336135864
AUC_ROC: 0.9848991904014825
Sensitivity: 0.7918158173561096
Specificity: 0.9858793616294861


best result AUC_ROC:
Precision: 0.8194738030433655
F1-score: 0.8936893305705672
Accuracy: 0.9683350920677185
AUC_ROC: 0.9854261140306642
Sensitivity: 0.8188201189041138
Specificity: 0.9826861619949341


