best result F1:
Precision: 0.9572975635528564
F1-score: 0.9770528459612057
Accuracy: 0.9585278630256653
AUC_ROC: 0.9616557711330712
Sensitivity: 0.5510351061820984
Specificity: 0.9976406693458557


best result Accuracy:
Precision: 0.8366379141807556
F1-score: 0.9047716545910417
Accuracy: 0.9688791036605835
AUC_ROC: 0.9843143886267256
Sensitivity: 0.8010658621788025
Specificity: 0.9849865436553955


best result AUC_ROC:
Precision: 0.8365259766578674
F1-score: 0.9047008645006172
Accuracy: 0.9688690900802612
AUC_ROC: 0.9843491747609135
Sensitivity: 0.8010831475257874
Specificity: 0.9849739074707031


