best result F1:
Precision: 0.9572975635528564
F1-score: 0.9770528459612057
Accuracy: 0.9585278630256653
AUC_ROC: 0.9616557711330712
Sensitivity: 0.5510351061820984
Specificity: 0.9976406693458557


best result Accuracy:
Precision: 0.887341320514679
F1-score: 0.9364265524317569
Accuracy: 0.9672561883926392
AUC_ROC: 0.9741799732008184
Sensitivity: 0.7171720266342163
Specificity: 0.991260290145874


best result AUC_ROC:
Precision: 0.9126209020614624
F1-score: 0.9514837286329911
Accuracy: 0.9658178091049194
AUC_ROC: 0.9755927498159147
Sensitivity: 0.6742510199546814
Specificity: 0.9938036203384399


