best result F1:
Precision: 0.9700101017951965
F1-score: 0.9840739476840757
Accuracy: 0.9538445472717285
AUC_ROC: 0.9728440473725467
Sensitivity: 0.48806893825531006
Specificity: 0.998551607131958


best result Accuracy:
Precision: 0.8958040475845337
F1-score: 0.9416202646638313
Accuracy: 0.965273380279541
AUC_ROC: 0.9551389835074442
Sensitivity: 0.6829109787940979
Specificity: 0.9923756718635559


best result AUC_ROC:
Precision: 0.9153949022293091
F1-score: 0.9531550847039791
Accuracy: 0.9647058844566345
AUC_ROC: 0.9788279547857509
Sensitivity: 0.6577944159507751
Specificity: 0.9941645264625549


